0.09459788239584593
0.11601476457323992
0.13086209506603627
0.14399555361337452
0.15480835346708435
0.16555463281350388
0.17559920025591938
0.18634591372773096
0.1955339035659801
0.20344480708770746
0.2131006504133029
0.2221344696251693
0.22959599718356788
0.23778406884183106
0.24534600993756897
0.254056703876174
0.261429462385281
0.26949842791922307
0.2774763637377025
0.2856635056788869
0.2955846998295333
0.30246455995301885
0.3092830699571735
0.31818389444809025
0.32702679334519963
0.3347145094539939
0.34125679396452085
0.34922686980488205
0.3589716844728446
0.3666787633945637
0.373280545447633
0.38040004368527136
0.38838698064244065
0.39605692379535073
0.4042978150188179
0.4110279516150845
0.41758680571963397
0.427619610870578
0.43629088689044193
0.4447269621455554
0.4518472708151773
0.4591330753448055
0.46724066581630685
0.47268625994902597
0.48049119693731496
0.4876998795310429
0.4936837646854196
0.5012972515876827
0.507484106769199
0.5152758110755409
