0.08820289101214186
0.10840074442835863
0.1235001813403009
0.136050620403721
0.14748456815300248
0.15809165656812088
0.16711770306904347
0.17670622110504153
0.18747432837442848
0.1945756961715263
0.203467136208481
0.21380548047089212
0.22429845467334286
0.23295033103811447
0.24122684461964386
0.24867251772083715
0.25671759523132465
0.26499548721070154
0.27392456884216443
0.28094350740191604
0.2888092732580689
0.2970216192604402
0.3061136049139602
0.3146934334282237
0.32052562972785253
0.3286182364109115
0.3368155456082042
0.3447377639323728
0.3515377286618321
0.3597589594104452
0.36822685452764004
0.37718994439882597
0.38421880144051646
0.39067413486230373
0.39916840015835786
0.4081771591698451
0.41671712790967624
0.4250255705927347
0.43220596883153234
0.4396294861344071
0.4466440733656382
0.45529674370859274
0.462375897873925
0.4692337413383534
0.47733029428042945
0.4831835066381829
0.490837897281977
0.4999540338284147
0.5057539569539998
0.5139450489709797
